2.773339119917619628e-32
8.019000000016035167e-13
2.193671044653875014e-53
1.060883651617114476e-36
2.263984227992251990e-07
3.051938689534577745e-26
5.662079527499986352e-28
1.922477241123554559e-05
5.896845307746750039e-10
1.094019601780293323e-11
1.004296639717820256e-04
1.583018658218640618e-04
3.069390260300850884e-06
2.253330371084000987e-04
4.994166793599999271e-04
3.999728649896001410e-04
8.091754742051038719e-04
2.332251059624399631e-03
3.856875398923999471e-04
1.345040435993100168e-03
2.830102827309997991e-03
1.792668126580107373e-03
3.733431170161899924e-03
6.406813455243291766e-03
2.126584273675198762e-03
1.224074834608750162e-02
9.736376414360002618e-03
6.361030791717900597e-03
1.774975133522509532e-02
2.034100272021709468e-02
1.238163931059000321e-02
3.337796969771000127e-02
3.844106458139000260e-02
3.085920324176960258e-02
3.701090547858989360e-02
6.600940177491000649e-02
5.189598980560759106e-02
4.230183076283959565e-02
7.217896377056752522e-02
4.418435295090815396e-02
5.887415355114991589e-02
1.402836156582399907e-01
6.910032739732990814e-02
8.110965863880041649e-02
1.269690055827499831e-01
7.304935645690759094e-02
6.293865522633999843e-02
1.128880207509999900e-01
5.312869608120998621e-02
7.071328322230358010e-02
1.166445258905100396e-01
7.547576683162959821e-02
7.983968152297439558e-02
1.568423720133100552e-01
6.272330466242959091e-02
6.711824216736111959e-02
2.018170210481099458e-01
8.464749306368590798e-02
7.940119087916001905e-02
2.306691277169900522e-01
6.670216348609998847e-02
8.939407743322361211e-02
1.613715871294400250e-01
8.282979536176188207e-02
7.768196753492243034e-02
2.598409455457099670e-01
5.801505143266749015e-02
1.063573872009299787e-01
1.911466230829099999e-01
8.328255177660000286e-02
1.152370108532539406e-01
1.906407330209900775e-01
8.985238789054154906e-02
1.079675367547096587e-01
2.025994273069100238e-01
7.544225118156243359e-02
8.198497448008749966e-02
1.496945171609900538e-01
1.109473989080435596e-01
7.895415182970999535e-02
1.610960555674400274e-01
6.113390696269000585e-02
8.294092876163958183e-02
2.106930375572400038e-01
5.928976055086751518e-02
8.169141637738240591e-02
2.204828750477600685e-01
6.131562957562999155e-02
7.885655226718160660e-02
1.442838584421900772e-01
6.148695326919000059e-02
8.825525870970186981e-02
1.242431603549900149e-01
5.786483386095559595e-02
7.000154645512042528e-02
1.303887776997924020e-01
4.385601062986909521e-02
7.904038191488509113e-02
1.578100747633696399e-01
6.216150547142760413e-02
4.935241580185757704e-02
1.266899786118274307e-01
5.337180761678753105e-02
6.362398125445711816e-02
1.295862424429930215e-01
7.726149914238043814e-02
5.545247269714748822e-02
1.066206396947435991e-01
5.170564618804152773e-02
5.377782690600507037e-02
1.193483384794199881e-01
4.352154497263886757e-02
4.161968304094588317e-02
8.785168231916440362e-02
6.301973829432784557e-02
6.446856628536107303e-02
1.233044462095556071e-01
2.789284536561306010e-02
3.681057569603405494e-02
1.374202602056535938e-01
2.972454385231652896e-02
4.212523715866908769e-02
9.862524068141360900e-02
2.826008096494448882e-02
4.752119106821240530e-02
8.122436506887310836e-02
2.575987959365718533e-02
4.003681768794190021e-02
8.025189679393988917e-02
3.854997767822637700e-02
4.846629660514189392e-02
7.764860546188216694e-02
2.416108905093385453e-02
4.422786589387440320e-02
8.948609303905931400e-02
1.614752865351429950e-02
2.797708391166801867e-02
9.377523710011971547e-02
2.484071128447527116e-02
4.749899175107701738e-02
7.568443563897876702e-02
1.628074605795652718e-02
2.609337515364262491e-02
4.762949919488632111e-02
0.000000000000000000e+00
