0.000000000000000000e+00
1.584000000091097758e-15
2.346573027050994444e-26
1.880790961315660013e-37
9.685257065300003691e-10
4.533973486486151693e-10
7.993497973298192545e-54
8.478780154235050456e-05
1.216679155069185924e-04
2.420848539000056798e-31
7.040847563090832351e-05
1.754625905213063889e-05
4.673487499999936690e-15
4.534106882190002053e-05
1.870885680275000856e-04
1.250496258999993089e-09
8.571196493408400402e-05
3.321243785440000131e-03
4.223989900000021899e-09
6.627816214863997604e-04
3.499173491652401036e-03
9.635931273523866945e-05
2.478169791521899791e-03
1.293526188486399586e-03
5.075383683257297029e-04
3.852846156110399396e-03
4.640676912190002182e-03
3.158870474621899762e-03
9.253020349649900000e-03
9.112584760105098616e-03
9.446450272219998612e-03
1.469062094618999587e-02
3.516896474543999840e-02
1.241741869925999837e-02
1.577277102558989619e-02
3.015410431856000578e-02
1.718526177683390305e-02
9.274796200377901853e-03
3.253412966605390838e-02
9.083731026264516006e-03
1.383216140413790450e-02
3.302327872516640228e-02
8.382281575124755219e-03
2.934755259433709587e-02
5.004318620778189231e-02
1.201553273502749958e-02
2.139211430276589943e-02
1.979986086261440251e-02
1.394411659978109751e-02
3.208412525505000001e-02
3.180174423720510263e-02
1.557001291003560356e-02
2.277360297036839024e-02
2.617918991662750508e-02
2.728406482767259042e-02
3.563431172557709331e-02
3.672787709437710241e-02
2.936799156383839912e-02
3.624494122905999594e-02
6.975656109410997840e-02
3.241444850665508443e-02
1.914376268816959589e-02
7.259204672896112098e-02
2.079444035528667245e-02
3.107026096467790585e-02
4.584417575693643110e-02
1.922752668778491408e-02
3.590189491722160786e-02
4.884292483484161534e-02
2.280016809235366551e-02
4.868734360831836194e-02
6.731520707431791484e-02
1.743662250259213342e-02
4.938897380480989502e-02
5.452611012670510737e-02
3.712663333770622326e-02
3.943777572120358427e-02
6.905865179586111180e-02
2.263238110535686215e-02
3.431800946882999914e-02
7.458447352741309766e-02
3.437635208724189317e-02
6.835373884231388253e-02
9.938912157460037811e-02
3.400384253524957323e-02
3.853005332594239968e-02
1.051184297235395887e-01
4.087840678243018916e-02
4.124823173250240921e-02
1.453820318793259403e-01
3.703746897049461917e-02
4.522946289517790208e-02
7.654060139268162311e-02
2.755572725402108056e-02
5.017116827908909421e-02
1.162693790497264096e-01
3.470281051243191694e-02
4.738770896000191191e-02
1.191434517991691311e-01
4.458969012469495702e-02
6.641275433773159709e-02
1.595568159632890781e-01
2.510300846591081644e-02
7.828664005350746691e-02
8.542479874284242269e-02
3.243574461377660145e-02
7.617864378136988968e-02
7.210799959839310491e-02
3.405389230592533595e-02
3.943907710708039610e-02
9.523022737548438033e-02
4.761412800077265833e-02
5.319779543981997816e-02
9.245959710208750959e-02
4.379559940828078868e-02
4.628110615089439661e-02
7.272791905734748985e-02
3.686330779761866350e-02
5.545863967264960670e-02
9.561024693222751336e-02
2.846273158999309758e-02
4.266034277608559550e-02
9.366846396430585087e-02
3.580204809509537206e-02
3.560503010990110490e-02
9.951862412683432080e-02
2.733048793629079196e-02
2.758375872164751247e-02
6.718528772778996350e-02
2.018603458198324485e-02
2.549382266168441144e-02
6.006713077430509556e-02
1.937590181111708762e-02
3.160055157997790354e-02
4.716204470366908152e-02
1.665311726782356394e-02
2.339998540169709734e-02
4.521785943710360939e-02
2.146910916229708560e-02
1.797643135913709611e-02
4.784665207600997949e-02
1.503505741565754755e-02
1.823094479879315555e-02
3.620027035974440754e-02
0.000000000000000000e+00
