1.733336949948512268e-33
8.137054015036071479e-33
9.087873960000056371e-60
3.599951449393255493e-38
2.644862289350146893e-38
1.264656640399983231e-32
8.453311927500005736e-28
5.395542543743996741e-28
2.443508159999992975e-16
1.633332463942403540e-11
1.042503911181970056e-11
7.122781898999979710e-11
4.370818201130174562e-06
2.822291796644849947e-06
2.921039310000024717e-06
3.332872210510000912e-05
3.398539546367727762e-04
2.832270917799999859e-04
2.281516113310001092e-05
1.305867349369790311e-04
7.059506073275000331e-04
1.411391484370903967e-05
8.540512522731000733e-04
1.339308764664370226e-03
1.059926432030281629e-04
9.077171708474995014e-04
7.632830975243999226e-04
6.499349131859000683e-04
3.186771630887499495e-03
5.318891169897099931e-03
7.887551426723999693e-04
8.037412244017598517e-03
6.454652287495598467e-03
5.718810613002398360e-03
8.194307794881098075e-03
2.695478804922360819e-02
2.665331678293099589e-03
1.024249769718110076e-02
1.340185698542989585e-02
1.640115399388399238e-03
8.757042798147499085e-03
1.730111462806160211e-02
5.059218639665102012e-03
8.065015667153896395e-03
8.265468530037596920e-03
1.657519325445099782e-03
7.786303335257099487e-03
1.788214830972590166e-02
1.832346746407896099e-03
1.045925701394189757e-02
1.084477455025759617e-02
3.419714021167599705e-03
6.733876688578399779e-03
9.572251510773899241e-03
8.442904292073710694e-04
1.135840178203839819e-02
1.107320733700000413e-02
4.358027567493600284e-03
7.862368032479999380e-03
7.126100378166400767e-03
3.603260136141900327e-03
1.454942969777710260e-02
1.743694801011000384e-02
1.688176375208399940e-03
9.783265309152397449e-03
1.487039321772910122e-02
1.171510791350000025e-03
8.038925648580002789e-03
1.641283926364910106e-02
2.275919456797731097e-03
5.349092531847498937e-03
7.535772335937901238e-03
2.291383076071277017e-03
8.636562040559601222e-03
9.783472165397599785e-03
1.720539206087500460e-03
1.311090431852749913e-02
1.101907100554840209e-02
8.862517104161601530e-03
1.114811898582999949e-02
9.339305209849102507e-03
3.754511547312199340e-03
7.529020474113899165e-03
9.661388081187501087e-03
1.955648293170725912e-03
7.386974110476400741e-03
4.768296491361900813e-03
1.866502680070218807e-03
6.569206332329099313e-03
1.142806584909440010e-02
4.867324015070399051e-03
6.816126814874902407e-03
9.983920983945600638e-03
2.583291099273291990e-03
4.970056930993275134e-03
1.416395789536027336e-02
1.377521462462396326e-03
5.130285622205099996e-03
1.405785378834706160e-02
1.007268027837225112e-03
5.037848476486674922e-03
8.619098744741971602e-03
5.538895077322183655e-03
6.864147790911463189e-03
2.098899602590711955e-02
2.326196522802372133e-03
5.649782198832459072e-03
8.663290264473471475e-03
7.981853389502706689e-03
5.075289466314635532e-03
1.277489548538864907e-02
4.277016330502028652e-04
6.082031259259716022e-03
2.044992232800976750e-02
1.391557857413700720e-04
1.149710448693465684e-02
3.723604830321167874e-02
6.185469679025236076e-03
9.615910384772486524e-03
1.247860606229594764e-02
1.126420227576907561e-03
7.341382288357302908e-03
3.135341375897025568e-03
3.899821920693851817e-03
1.019897757392371380e-02
5.830015660682242445e-03
4.813935007375431951e-03
1.122025870825900384e-02
6.070386741593001081e-03
1.127823820400841726e-02
2.922792130461002690e-03
1.253053453899987714e-02
7.568539063257744524e-03
4.066495155039901756e-03
2.001798005314290446e-02
2.177552234685611518e-04
8.515889125908235671e-03
2.222840394190264690e-02
8.159077524547796853e-10
6.128741447968310933e-03
1.436637336437931317e-02
4.222768556258635375e-26
3.182109355328274422e-03
5.470682002457884739e-03
0.000000000000000000e+00
